0 0.11313006057981342 0.05625 0.06748987884037314 0.1125
0 0.11156756057981343 0.05625 0.06748987884037314 0.1125
0 0.1890940501270569 0.13359375 0.05427578925077734 0.234375
0 0.1580939500847046 0.0890625 0.03537459983059081 0.178125
0 0.22440992384693254 0.17109375 0.0492998629141832 0.25625
0 0.2530284765342382 0.2296875 0.04399073663405888 0.21875
0 0.28118429763739533 0.2828125 0.04188220506402773 0.209375
0 0.3067989476656302 0.3125 0.044172747157402534 0.221875
0 0.35423611881113964 0.41015625 0.04402155773721601 0.165625
0 0.3803435925027804 0.41796875 0.04048630503579291 0.2390625
0 0.4050258031108287 0.50390625 0.04420356826055958 0.16875
0 0.4891439269012915 0.615625 0.04253465244730918 0.19375
0 0.5323409190793708 0.6921875 0.05266851564384112 0.153125
0 0.5973681376505141 0.85 0.04834503669052861 0.159375