0 0.11640625 0.94375 0.0609375 0.1125
0 0.11484375 0.94375 0.0609375 0.1125
0 0.196875 0.86640625 0.03984375 0.234375
0 0.16328125 0.9109375 0.02421875 0.178125
0 0.234375 0.82890625 0.034375 0.25546875
0 0.26640625 0.7703125 0.03125 0.21953125
0 0.29765625 0.7171875 0.0296875 0.20859375
0 0.325 0.6875 0.03046875 0.221875
0 0.378125 0.58984375 0.034375 0.165625
0 0.4046875 0.58203125 0.02578125 0.2390625
0 0.434375 0.49609375 0.034375 0.16953125
0 0.525 0.384375 0.03125 0.19453125
0 0.57265625 0.3078125 0.04296875 0.153125
0 0.646875 0.15 0.0390625 0.15859375