0 0.953678352392292 0.8616277249269437 0.09264329521541584 0.06355596656499998
0 0.9536965361878824 0.8631902249269437 0.09260692762423517 0.06355596656499998
0 0.8837194565907295 0.7829591706903812 0.2325610868185411 0.04608013867708358
0 0.9205294521738718 0.8155164443417353 0.15894109565225634 0.029145905394583595
0 0.8467263696784728 0.7463319928787145 0.2570500870059721 0.04033928495361146
0 0.7873870840592714 0.7156645275479855 0.21947735182361114 0.03634146276527801
0 0.7335347322356603 0.6856510256481243 0.21006598423243067 0.03456075721819474
0 0.7032107993900005 0.658998259880555 0.22260235182361116 0.036414197947638983
0 0.6043180512898616 0.6081462343293398 0.1664250870059723 0.03822996466513899
0 0.5958873022397922 0.5817655722852425 0.23964438145888883 0.030564241450625217
0 0.5092588180073616 0.5540782898001732 0.1695500870059723 0.03830269984750014
0 0.3954307477188893 0.466053572569583 0.19447735182361114 0.03575958130638916
0 0.3177590361878823 0.4201793345374303 0.15414329255305556 0.047314023935694574
0 0.15821907560680587 0.34963371124666653 0.16028418977951392 0.04277199430041678